   3304       1
    719       2
    246       3
    140       4
     84       5
     64       6
     32       7
     25       8
     20       9
     17      10
     18      11
      9      12
      5      13
     10      14
     10      15
      4      16
      2      17
      2      18
      4      19
      3      20
      1      21
      1      22
      5      23
      2      25
      2      26
      2      27
      2      28
      1      29
      1      30
      5      31
      2      33
      2      36
      1      37
      2      38
      2      39
      1      40
      1      45
      1      47
      1      49
      1      51
      1      52
      1      53
      1      54
      1      56
      2      57
      1      58
      2      60
      2      61
      1      69
      1      75
      1      76
      1      82
      1      85
      1      86
      1      89
      1      94
      1     101
      1     104
      1     105
      1     106
      1     119
      1     122
      1     150
      1     160
